state = {
	id = 832
	name = "STATE_832"
	history = {
		owner = XXX
		add_core_of = XXX
	}
	provinces = {
		18
20
21
23
30
33
38
46
49
50
51
52
55
58
65
67
70
76
78
83
87
93
96
98
100
101
105
108
112
113
114
115
129
135
136
142
143
149
158
159
161
169
172
180
181
187
198
201
205
209
212
214
215
216
225
227
229
235
236
237
239
240
247
248
249
251
254
257
258
265
270
272
282
283
284
285
286
291
292
298
302
314
319
323
324
325
327
333
334
335
340
345
346
347
349
350
354
355
356
358
360
361
364
365
368
374
375
378
381
390
392
400
403
412
413
414
420
427
429
430
433
446
451
453
458
462
463
465
467
476
478
484
486
491
493
494
499
500
503
504
511
512
523
528
529
533
538
547
557
558
560
561
574
581
582
588
589
590
591
592
597
599
601
602
603
604
607
609
615
627
632
644
653
658
661
666
669
672
674
677
678
680
683
685
695
696
697
704
712
725
728
743
747
759
761
764
777
779
782
783
793
794
795
801
802
806
814
816
820
823
825
826
827
830
831
834
835
836
837
839
844
854
861
862
869
871
872
880
885
888
889
890
895
897
899
904
907
913
919
920
929
932
934
936
940
942
945
947
948
949
956
957
960
967
971
975
979
985
990
992
994
1003
1004
1005
1006
1009
1014
1016
1018
1019
1022
1023
1024
1028
1032
1038
1040
1046
1047
1066
1068
1074
1078
1084
1087
1088
1093
1095
1102
1105
1121
1122
1127
1129
1130
1134
1135
1140
1141
1144
1146
1148
1151
1156
1157
1159
1161
1166
1167
1169
1172
1173
1175
1177
1178
1180
1183
1186
1190
1194
1197
1204
1218
1222
1231
1239
1240
1241
1244
1245
1250
1255
1257
1258
1259
1266
1276
1279
1281
1287
1288
1289
1290
1291
1292
1296
1297
1303
1306
1308
1310
1312
1315
1318
1322
1323
1327
1332
1335
1336
1339
1347
1348
1349
1352
1354
1360
1364
1375
1376
1382
1389
1395
1399
1400
1415
1418
1419
1420
1424
1430
1431
1432
1433
1435
1441
1444
1448
1449
1451
1465
1468
1471
1474
1475
1476
1478
1483
1485
1489
1493
1495
1503
1521
1523
1525
1528
1529
1534
1535
1542
1544
1553
1554
1555
1559
1566
1579
1582
1584
1588
1590
1605
1606
1608
1612
1625
1626
1627
1630
1631
1632
1634
1635
1636
1639
1645
1656
1657
1661
1665
1671
1672
1676
1678
1679
1695
1697
1698
1707
1711
1713
1714
1720
1727
1733
1737
1740
1744
1748
1751
1759
1760
1761
1770
1777
1778
1793
1796
1799
1800
1804
1807
1813
1814
1815
1818
1820
1827
1828
1831
1832
1844
1849
1850
1852
1854
1860
1866
1869
1871
1872
1874
1875
1877
1879
1885
1892
1893
1903
1904
1905
1916
1919
1926
1927
1929
1930
1938
1940
1942
1943
1945
1946
1948
1949
1956
1961
1965
1968
1976
1977
1979
1981
1982
1984
1985
1986
1987
1991
1996
2002
2003
2004
2005
2007
2009
2010
2016
2018
2019
2021
2027
2028
2031
2032
2035
2037
2046
2057
2059
2063
2064
2066
2069
2070
2072
2078
2079
2081
2084
2089
2090
2092
2095
2096
2098
2103
2104
2106
2107
2109
2110
2115
2116
2130
2135
2136
2138
2141
2143
2151
2152
2159
2160
2167
2172
2174
2177
2178
2183
2185
2186
2188
2189
2190
2197
2200
2208
2215
2218
2219
2220
2222
2223
2236
2238
2248
2250
2252
2256
2258
2261
2263
2267
2272
2278
2284
2285
2287
2288
2300
2303
2312
2314
2322
2325
2328
2329
2330
2335
2338
2347
2348
2349
2350
2357
2364
2366
2370
2372
2377
2381
2382
2386
2391
2411
2413
2416
2418
2420
2422
2425
2427
2429
2431
2437
2439
2440
2448
2450
2452
2454
2461
2464
2468
2470
2471
2472
2476
2479
2481
2482
2489
2493
2494
2501
2507
2513
2515
2520
2521
2523
2524
2537
2540
2541
2552
2558
2559
2564
2571
2573
2582
2583
2585
2600
2601
2604
2605
2606
2607
2609
2610
2613
2622
2624
2625
2627
2629
2631
2635
2639
2640
2646
2654
2657
2658
2661
2664
2668
2669
2677
2678
2682
2686
2690
2693
2704
2706
2710
2711
2712
2721
2722
2724
2725
2726
2727
2728
2729
2738
2740
2749
2752
2754
2757
2759
2761
2762
2768
2770
2773
2776
2778
2781
2783
2788
2791
2793
2795
2798
2799
2802
2805
2807
2810
2812
2815
2824
2825
2828
2830
2832
2837
2845
2846
2848
2856
2859
2867
2877
2886
2888
2893
2902
2907
2909
2919
2921
2925
2927
2930
2936
2940
2949
2950
2951
2954
2958
2960
2962
2965
2968
2973
2975
2976
2977
2978
2980
2981
2986
2991
2993
3004
3007
3009
3010
3015
3019
3020
3024
3025
3026
3033
3035
3036
3044
3048
3049
3050
3054
3059
3062
3063
3074
3076
3080
3082
3083
3084
3085
3087
3101
3110
3117
3128
3129
3130
3132
3133
3140
3143
3144
3148
3149
3150
3152
3158
3160
3164
3168
3169
3170
3178
3179
3185
3186
3187
3188
3193
3196
3198
3204
3205
3210
3217
3223
3235
3239
3244
3259
3264
3265
3266
3274
3291
3292
3293
3296
3297
3298
3303
3307
3311
3314
3318
3320
3321
3322
3325
3328
3329
3331
3334
3335
3336
3337
3338
3343
3344
3351
3353
3358
3360
3364
3366
3368
3369
3371
3372
3373
3375
3376
3379
3382
3384
3386
3393
3395
3399
3405
3408
3410
3415
3418
3419
3420
3426
3433
3434
3436
3437
3441
3449
3450
3451
3452
3453
3458
3460
3461
3463
3464
3466
3471
3476
3479
3480
3483
3486
3488
3498
3505
3515
3517
3523
3526
3530
3533
3535
3540
3541
3542
3543
3545
3549
3554
3557
3560
3562
3569
3571
3577
3579
3580
3585
3591
3593
3594
3596
3597
3606
3608
3609
3611
3614
3615
3617
3619
3624
3625
3626
3650
3652
3658
3660
3661
3664
3680
3684
3689
3690
3691
3693
3694
3695
3709
3710
3719
3720
3721
3722
3724
3725
3726
3741
3744
3751
3752
3761
3762
3763
3767
3773
3781
3789
3790
3791
3792
3797
3798
3799
3802
3803
3805
3806
3809
3810
3811
3813
3815
3816
3822
3827
3829
3840
3847
3849
3855
3858
3859
3861
3862
3867
3871
3874
3882
3889
3897
3898
3899
3902
3909
3910
3915
3919
3920
3922
3924
3925
3927
3933
3934
3937
3942
3945
3947
3948
3949
3955
3963
3965
3975
3984
3987
3988
3991
3993
3995
3997
4001
4003
4007
4010
4011
4014
4021
4022
4023
4024
4031
4032
4033
4037
4041
4043
4045
4046
4047
4049
4051
4052
4056
4062
4065
4066
4067
4071
4072
4074
4075
4078
4079
4099
4100
4103
4104
4106
4107
4109
4110
4112
4114
4117
4122
4123
4131
4135
4136
4145
4146
4147
4151
4155
4157
4161
4162
4163
4174
4175
4179
4181
4183
4190
4191
4195
4196
4198
4207
4212
4215
4221
4226
4230
4231
4241
4250
4251
4254
4255
4258
4260
4261
4262
4263
4266
4270
4272
4275
4280
4282
4284
4285
4288
4289
4298
4302
4303
4307
4309
4310
4311
4312
4319
4321
4326
4329
4330
4344
4346
4349
4364
4368
4381
4382
4385
4389
4393
4397
4400
4408
4422
4425
4429
4431
4439
4441
4447
4455
4458
4461
4468
4469
4473
4474
4481
4482
4489
4492
4493
4496
4498
4503
4504
4507
4509
4511
4515
4516
4519
4530
4544
4547
4548
4554
4556
4560
4561
4570
4577
4578
4580
4592
4606
4608
4613
4615
4618
4622
4625
4626
4627
4628
4629
4630
4632
4635
4638
4641
4653
4654
4662
4668
4669
4680
4682
4687
4689
4693
4694
4698
4702
4706
4708
4709
4711
4712
4716
4718
4727
4732
4734
4735
4736
4739
4740
4741
4742
4746
4755
4758
4761
4764
4765
4766
4772
4775
4782
4784
4788
4789
4792
4793
4798
4804
4806
4808
4812
4819
4824
4825
4831
4835
4837
4839
4841
4842
4845
4849
4850
4855
4856
4865
4871
4872
4883
4887
4888
4895
4899
4900
4902
4905
4912
4913
4918
4922
4928
4930
4932
4933
4938
4940
4942
4947
4948
4952
4953
4957
4961
4963
4969
4970
4972
4973
4980
4982
4983
4984
4986
4987
4988
4991
4996
4999
5002
5003
5005
5007
5013
5019
5023
5024
5026
5032
5034
5035
5042
5047
5050
5057
5066
5067
5069
5071
5072
5077
5082
5084
5085
5090
5093
5105
5107
5108
5112
5113
5115
5120
5128
5129
5131
5134
5137
5141
5142
5145
5148
5149
5152
5154
5156
5160
5165
5167
5168
5170
5174
5182
5192
5193
5197
5198
5202
5209
5213
5217
5223
5231
5240
5244
5246
5253
5259
5261
5263
5264
5265
5268
5269
5270
5274
5276
5281
5282
5287
5288
5290
5294
5298
5301
5302
5306
5307
5310
5313
5314
5316
5319
5321
5322
5323
5330
5331
5332
5337
5340
5344
5345
5347
5348
5350
5351
5354
5355
5356
5357
5360
5362
5367
5369
5373
5374
5377
5378
5379
5385
5386
5392
5394
5395
5404
5405
5411
5413
5414
5416
5420
5423
5430
5439
5442
5446
5447
5448
5451
5453
5454
5455
5457
5458
5459
5460
5461
5462
5464
5479
5485
5488
5491
5496
5502
5505
5512
5515
5517
5521
5527
5529
5530
5536
5537
5540
5542
5543
5545
5548
5549
5555
5559
5560
5562
5563
5567
5572
5574
5575
5576
5577
5579
5582
5586
5587
5593
5602
5604
5607
5612
5617
5622
5627
5629
5632
6316
6322
6331
6332
6339
6342
6355
6356
6360
6363
6369
6374
6379
6390
6396
6400
6407
6422
6432
6439
6448
6453
6460
6461
6464
6468
6488
6513
6539
6553
6575
6576
6580
6585
6587
6604
6605
6607
6613
6614
6622
6626
6628
6639
6643
6646
6651
6655
6667
6673
6674
6684
6689
6690
6691
6697
6701
6702
6703
6710
6715
6720
6722
6723
6724
6729
6736
6737
6738
6740
6741
6745
6747
6753
6762
6763
6764
6765
6766
6768
6771
6775
6779
6782
6792
6795
6801
6803
6810
6812
6822
6825
6826
6829
6830
6834
6835
6838
6839
6842
6843
6845
6846
6850
6851
6853
6857
6862
6863
6866
6867
6869
6877
6878
6881
6889
6891
6896
6898
6899
6902
6903
6905
6912
6915
6919
6922
6923
6926
6927
6929
6931
6933
6941
6947
6948
6950
6951
6952
6956
6957
6963
6970
6971
6973
6974
6975
6976
6979
6982
6983
6992
7003
7004
7012
7017
7025
7030
7031
7032
7036
7037
7045
7050
7057
7058
7059
7060
7061
7064
7065
7066
7072
7073
7078
7079
7080
7081
7086
7087
7089
7093
7094
7099
7109
7110
7111
7115
7116
7117
7118
7119
7123
7124
7126
7127
7131
7134
7135
7141
7142
7144
7146
7150
7156
7157
7158
7159
7161
7162
7163
7164
7166
7167
7175
7176
7177
7183
7185
7186
7189
7192
7195
7202
7203
7204
7206
7207
7213
7214
7215
7221
7224
7225
7226
7227
7228
7233
7234
7235
7247
7248
7249
7250
7253
7257
7258
7259
7260
7261
7262
7266
7269
7272
7274
7280
7281
7282
7283
7287
7288
7291
7293
7294
7296
7297
7298
7301
7302
7307
7308
7309
7312
7314
7315
7316
7319
7321
7322
7323
7324
7327
7328
7329
7332
7333
7334
7337
7338
7343
7348
7349
7351
7353
7354
7359
7360
7361
7362
7363
7368
7369
7370
7371
7376
7378
7379
7380
7381
7384
7385
7389
7390
7391
7395
7396
7397
7401
7402
7408
7409
7411
7412
7418
7419
7420
7421
7422
7427
7433
7434
7437
7438
7439
7442
7444
7448
7449
7454
7456
7457
7459
7463
7467
7468
7471
7472
7473
7475
7476
7477
7481
7486
7487
7491
7492
7493
7495
7497
7499
7500
7503
7504
7509
7510
7514
7517
7520
7522
7523
7526
7527
7530
7531
7532
7533
7535
7536
7539
7540
7541
7542
7545
7549
7550
7556
7557
7560
7561
7562
7563
7566
7569
7570
7571
7574
7575
7576
7580
7581
7585
7586
7587
7588
7594
7600
7601
7602
7607
7608
7609
7613
7614
7615
7621
7623
7624
7626
7627
7634
7635
7636
7640
7641
7642
7643
7644
7645
7650
7652
7655
7661
7662
7665
7667
7668
7669
7670
7671
7673
7674
7677
7678
7679
7680
7681
7682
7684
7685
7686
7691
7692
7693
7694
7695
7696
7698
7699
7700
7701
7704
7705
7706
7707
7708
7710
7711
7713
7714
7715
7718
7719
7720
7725
7727
7728
7731
7732
7733
7740
7741
7742
7748
7749
7750
7751
7752
7756
7757
7758
7759
7762
7763
7765
7766
7768
7771
7772
7774
7776
7778
7780
7781
7787
7788
7789
7793
7794
7795
7796
7802
7803
7804
7805
7806
7807
7808
7810
7811
7816
7817
7818
7821
7824
7825
7827
7828
7830
7831
7834
7835
7836
7837
7838
7839
7840
7842
7845
7846
7847
7848
7849
7850
7852
7854
7855
7856
7857
7858
7859
7862
7863
7864
7866
7867
7868
7870
7871
7872
7874
7875
7878
7879
7881
7882
7883
7884
7885
7889
7890
7891
7892
7893
7897
7898
7899
7901
7903
7907
7908
7909
7918
7919
7920
7922
7923
7925
7929
7933
7934
7935
7937
7938
7939
7940
7943
7946
7947
7948
7957
7958
7959
7960
7964
7965
7966
7967
7968
7971
7972
7977
7978
7983
7985
7986
7988
7989
7990
7991
7992
7994
7995
7998
8001
8002
8004
8007
8008
8009
8013
8016
8017
8018
8019
8020
8021
8022
8023
8027
8029
8031
8032
8036
8037
8042
8043
8044
8048
8049
8051
8052
8053
8054
8055
8061
8062
8067
8068
8070
8073
8074
8075
8077
8078
8083
8086
8087
8088
8089
8091
8092
8096
8097
8100
8101
8104
8107
8108
8109
8110
8113
8114
8115
8116
8117
8118
8119
8123
8124
8128
8129
8130
8131
8132
8133
8134
8137
8138
8141
8142
8144
8152
8153
8154
8158
8159
8160
8161
8163
8165
8166
8167
8168
8172
8173
8174
8179
8183
8184
8190
8191
8192
8195
8196
8197
8198
8199
8200
8203
8205
8206
8207
8208
8211
8212
8213
8216
8220
8224
8225
8228
8229
8230
8234
8235
8236
8239
8240
8242
8243
8244
8248
8250
8251
8254
8255
8256
8257
8259
8261
8262
8267
8268
8272
8273
8279
8280
8287
8294
8298
8305
8309
8313
8314
8317
8323
8324
8325
8326
8328
8331
8336
8337
8338
8339
8343
8346
8350
8356
8358
8363
8367
8368
8371
8372
8377
8378
8381
8382
8387
8388
8389
8391
8393
8394
8401
8404
8405
8408
8415
8418
8421
8422
8423
8439
8440
8443
8444
8448
8449
8455
8458
8459
8469
8483
8484
8485
8493
8503
8510
8517
8520
8521
8524
8525
8526
8529
8530
8535
8540
8541
8542
8543
8544
8552
8555
8556
8565
8568
8577
8578
8579
8584
8586
8587
8589
8593
8594
8600
8605
8606
8611
8618
8620
8623
8624
8630
8631
8632
8633
8642
8645
8646
8654
8655
8656
8663
8664
8668
8672
8676
8677
8678
8683
8698
8699
8703
8705
8706
8707
8715
8716
8721
8728
8733
8736
8737
8742
8748
8749
8750
8760
8774
8775
8776
8777
8786
8790
8791
8792
8797
8803
8804
8821
8825
8830
8832
8839
8842
8843
8846
8856
8857
8862
8867
8872
8873
8874
8878
8879
8883
8884
8887
8888
8892
8898
8899
8902
8905
8906
8911
8912
8918
8919
8920
8922
8927
8933
8940
8941
8942
8951
8954
8955
8959
8960
8964
8972
8973
8974
8976
8977
8978
8988
8989
8991
8997
8998
9000
9002
9003
9008
9013
9014
9015
9016
9019
9022
9023
9025
9026
9029
9030
9031
9034
9036
9037
9039
9041
9044
9045
9051
9053
9054
9055
9058
9059
9063
9066
9069
9070
9071
9072
9081
9082
9083
9084
9088
9089
9093
9094
9097
9098
9099
9100
9106
9108
9110
9111
9115
9119
9121
9122
9125
9126
9127
9128
9130
9131
9133
9135
9136
9139
9140
9141
9143
9144
9145
9151
9153
9154
9157
9158
9161
9163
9164
9168
9169
9170
9171
9175
9177
9178
9179
9181
9184
9186
9187
9188
9189
9190
9192
9194
9195
9197
9199
9200
9204
9205
9206
9209
9212
9213
9216
9218
9219
9220
9222
9223
9226
9227
9229
9230
9235
9236
9238
9239
9240
9242
9243
9245
9246
9247
9249
9252
9254
9255
9256
9257
9260
9263
9264
9265
9266
9267
9269
9270
9271
9272
9274
9277
9278
9279
9280
9281
9282
9283
9284
9287
9288
9289
9291
9293
9295
9296
9298
9301
9302
9305
9306
9307
9310
9311
9312
9313
9314
9315
9318
9319
9320
9321
9322
9324
9328
9329
9330
9331
9332
9334
9335
9336
9337
9338
9340
9341
9342
9343
9344
9346
9347
9348
9349
9350
9351
9353
9354
9355
9356
9357
9358
9359
9360
9361
9363
9364
9366
9367
9369
9370
9373
9374
9375
9376
9378
9379
9381
9382
9383
9386
9387
9388
9389
9392
9393
9394
9396
9398
9400
9401
9402
9403
9404
9406
9407
9408
9409
9410
9411
9412
9413
9414
9418
9419
9420
9421
9422
9424
9425
9426
9427
9429
9431
9432
9434
9435
9436
9437
9438
9440
9441
9444
9446
9447
9448
9450
9452
9453
9454
9455
9456
9461
9462
9463
9464
9465
9466
9468
9470
9474
9475
9476
9481
9482
9483
9484
9485
9486
9487
9492
9494
9496
9497
9498
9499
9501
9504
9505
9506
9507
9509
9511
9512
9513
9514
9515
9516
9519
9520
9521
9522
9523
9524
9526
9530
9547
9554
9559
9562
9596
9597
9725
	}
	manpower = 1
	buildings_max_level_factor = 1.000
	state_category=pastoral
	local_supplies = 0.000
}
