3 12 4644 4747 7511 7460 7403 621 5124 408 3926 7038 4463 7000 
3 12 4747 4448 7488 2156 60 4178 7551 758 7610 3079 1039 1353 
2 5 3881 3115 2649 2916 1696 
3 3 7000 6988 1696 
2 10 1696 231 2408 1211 6964 1694 2392 6854 2108 2441 
1 11 7100 7082 5368 7136 154 1569 7216 3715 4959 4778 2894 
3 16 6894 2153 4605 6954 4916 3875 7056 950 7153 7194 7229 4723 1397 5258 2894 1353 
1 3 4747 4448 7488 
3 7 7488 2156 1717 2290 3031 7168 3881 
2 6 3881 3916 5119 5615 7067 950 
1 5 7067 7020 7019 5630 6964 
1 5 6894 4199 3157 6815 2441 
4 9 7100 5038 7181 7217 4222 7355 2985 2283 4832 
1 6 7798 1898 1644 2660 7961 7999 
4 4 4832 7521 3248 2320 
4 4 2260 2899 4217 2320 
4 3 2260 7218 1053 
4 6 1053 4889 7034 2692 6985 4232 
4 5 7100 7075 7047 7013 4232 
3 9 4232 6937 6911 6890 6868 4430 3455 1848 1623 
3 8 1623 6749 6721 2020 5123 3968 3352 5179 
3 21 5179 6437 6403 4526 6382 6392 6361 4676 6357 6384 6401 6423 6445 4594 563 6482 6451 5048 647 5284 6470 
4 24 6106 1864 6094 6084 4415 6030 5550 3928 6114 6136 1710 4799 4692 6195 6215 3043 6255 6274 6290 2784 1314 6349 4659 6403 
4 9 6470 6499 6500 1972 6466 3089 6436 2341 6505 
5 2 6505 2077 
5 10 2077 1747 6478 6467 6487 6471 1703 6510 6495 6518 
4 4 6518 6512 2705 6496 
4 5 6496 2055 6543 6577 4717 
4 3 4717 6652 1501 
4 4 1501 3359 874 6733 
3 2 6467 3131 
2 3 3043 6255 4820 
2 4 6597 6648 6675 6709 
2 14 3139 223 5146 6968 6939 2967 4306 245 6828 6806 4245 6758 6732 6709 
1 2 3901 5467 
2 9 3139 7040 7101 1191 7243 7295 7335 3598 119 
2 9 119 4534 7505 7547 7591 7651 629 63 7829 
1 4 2097 4976 7657 7651 
1 13 119 7445 7474 7478 7464 7482 2792 2672 7435 5524 7416 7373 3194 
1 5 7373 179 2083 7230 1428 
1 7 813 624 7083 4228 1428 1541 5427 
1 3 3901 7178 1907 
1 4 2822 3220 351 277 
1 4 2319 8039 2173 4253 
2 8 8098 586 4926 3548 8231 3503 8281 338 
2 7 8289 5557 8312 1461 338 3981 8373 
1 7 4832 7573 4053 5621 7729 7760 7798 
1 2 758 7687 
3 14 2663 8299 5419 3688 8431 4776 8508 2442 8580 8635 8665 5285 3332 8753 
4 26 8753 2982 3231 1967 3273 3561 157 4375 8800 8794 8819 2732 3077 8752 706 8779 8818 778 1302 3772 4359 8889 3365 2374 9001 807 
2 3 3561 1882 8936 
1 3 8936 8987 650 
3 7 9152 9104 650 5126 9020 9035 4748 
3 6 9152 5065 5014 4733 9294 4080 
3 14 4748 9068 1237 9042 754 9057 456 2959 9080 933 2334 69 2623 807 
2 2 3365 931 
3 6 8752 3416 8647 4442 8549 1829 
1 8 8549 5076 573 4575 8351 792 8344 4566 
1 5 792 5205 3295 8221 3771 
2 6 4080 3522 9384 2675 4660 3038 
1 6 1491 3739 2213 3183 1131 4008 
1 4 1491 9405 4786 4660 
3 9 4080 9327 1887 1080 9148 9113 1618 4508 933 
3 7 1754 4008 1073 2254 9451 3662 9469 
2 2 9469 9478 
3 8 807 9048 9065 4158 1764 9142 654 9224 
3 5 9224 1575 2385 97 1754 
3 9 9285 2080 4398 1581 9273 519 9326 1547 1575 
2 4 9285 1596 9250 2988 
1 7 2988 369 1196 3868 5311 2051 5391 
3 13 9285 5312 9253 9214 2555 9172 9182 2821 1558 9092 9061 9028 9005 
3 6 9028 1787 9064 9086 4297 1764 
3 7 9005 8979 8947 4054 5236 8822 1316 
3 8 5236 1551 1388 8958 2435 8980 8983 5382 
2 6 2100 1538 8798 2487 8723 8691 
3 15 4359 8761 4238 8661 5212 8507 8451 1439 3112 3147 293 8226 5383 262 4340 
1 3 2100 2240 8661 
3 7 5212 8626 4153 8608 1607 5051 1829 
1 6 3112 4572 3176 8175 5626 3771 
1 6 3332 3578 1358 711 5444 4566 
4 7 1467 8241 5595 566 8395 8433 8473 
3 16 1467 8270 4558 4834 8369 3200 8441 1755 8489 2717 8499 8547 2596 2868 8691 1316 
1 3 2868 553 8625 
2 3 8369 3769 8445 
2 4 4558 8288 151 694 
3 6 8473 8511 1050 4520 4057 3640 
3 6 8473 8428 8470 8498 2444 2914 
2 4 2914 5229 8694 3640 
3 2 293 1651 
3 6 2717 4357 8396 1345 8347 1651 
3 6 694 1647 1741 3634 3553 4340 
3 8 1316 8778 2154 5620 8769 3216 1233 8621 
2 12 1755 2990 8621 8657 8709 8772 1269 2346 3465 8813 2550 4725 
2 2 4644 1037 
2 4 1037 2787 7797 4600 
1 3 4600 5060 4339 
1 4 2441 3784 6784 1819 
1 2 408 7174 
2 11 1769 9549 9544 9541 9545 4971 3643 2289 3677 9551 9542 
1 10 651 9680 1560 9662 9655 3930 9636 981 9616 9607 
1 2 1957 9616 
1 9 9638 4685 3866 4029 1955 4931 606 2389 9655 
4 12 4730 4655 6217 6229 4648 6283 1319 6268 6286 4981 6272 3069 
4 10 2379 6074 6097 4403 5415 6157 2789 6177 6197 4730 
3 8 2379 2203 3906 5972 4154 5917 5890 3439 
2 4 3439 5878 3119 5840 
1 5 366 3672 1966 6138 1045 
2 4 6225 6230 3547 4648 
4 5 6633 6600 4814 6485 2638 
4 10 6633 2818 6644 3940 2763 6594 3921 6589 6555 829 
3 7 6138 3357 4478 1384 6341 1602 396 
1 9 396 5370 5017 42 570 4886 3165 6694 2020 
2 3 3996 5016 5428 
2 5 6262 3108 6231 3649 6197 
1 6 5428 1921 909 6336 6297 6262 
3 6 4730 6242 1090 1515 5190 6485 
2 2 2388 6630 
3 6 6630 6588 4101 6540 6502 2638 
2 6 6588 5474 1901 6629 789 2187 
1 7 3069 4105 2191 6433 5596 2187 1768 
2 7 5840 4665 2140 5811 1359 3448 5764 
1 4 1366 5643 774 4058 
2 7 3171 3620 4036 4967 898 389 5711 
3 11 4427 5771 5779 4524 4833 1576 2858 5773 4882 5764 3171 
1 4 4427 5752 1510 389 
3 6 5974 5951 4783 352 1806 6030 
1 3 366 6185 6195 
1 4 7999 3102 663 3771 
4 5 1053 5506 7154 7137 7100 
3 11 5163 2547 4243 3964 5835 5399 5054 5070 5784 2957 4427 
2 2 5399 5828 
1 6 2957 3052 5761 1411 4404 772 
3 17 5163 2870 5957 4374 5982 5064 6015 5988 3507 5959 5942 5913 5934 1810 4811 207 5964 
3 7 3765 3227 6350 1693 5175 6431 6470 
3 5 6117 6095 2344 6041 5064 
3 13 6117 5325 173 6133 6164 1425 4246 5043 1220 1958 6324 3839 3765 
3 10 3765 6288 676 3848 2539 6064 1338 5997 5975 5964 
1 6 4527 1548 1098 9540 2361 4488 
1 9 4488 9518 9493 9467 2529 2301 959 4234 2675 
1 10 1548 2259 9572 4621 1284 9577 2854 5397 3124 9576 
1 6 1453 1812 9583 4102 1992 9576 
1 12 2171 1704 9672 4248 9654 3105 575 9634 2903 9610 9603 1453 
1 7 4805 9704 9700 991 4753 1142 1712 
1 8 1992 9585 9587 9594 9595 1242 5041 1712 
1 13 9583 5296 226 3785 986 1407 9508 9489 9471 9457 2587 9433 3038 
1 11 1453 56 3728 2233 9578 9573 3153 9567 9560 485 5418 
1 8 5418 9548 1902 9536 2508 2253 1008 9478 
1 9 3287 9625 1870 9605 1021 9582 2105 4944 5418 
3 6 3653 9333 407 9385 5494 9365 
3 4 9191 163 3524 3653 
2 7 9191 9166 1139 593 5511 9109 4591 
3 8 2137 4343 4372 9167 5406 719 312 8950 
3 9 4249 3240 9006 5476 9038 3755 28 5271 8950 
2 3 9050 5100 3240 
3 5 4249 8963 8938 8909 8876 
3 3 8908 1886 3127 
3 2 3127 1100 
2 4 8876 3730 8834 3127 
2 3 1100 8745 9720 
2 6 9720 8701 8662 8617 3900 8557 
2 5 8518 5033 3378 8523 3900 
2 5 8557 8533 8501 8496 8456 
1 7 9607 5063 1268 348 2885 9555 9551 
1 4 1769 9570 2964 2112 
3 5 277 2648 8045 3676 7999 
2 7 5124 3319 7187 7147 7151 3506 3881 
1 6 60 3998 995 4347 7270 4723 
1 13 1819 748 6776 362 2367 6804 3221 2473 964 6858 5484 6935 4463 
2 6 2502 7738 7746 1429 7739 7687 
1 6 7738 970 7638 200 1776 2156 
1 3 9038 9062 4082 
1 2 9558 4971 
1 2 606 918 
1 3 9636 9639 1517 
1 2 9638 3631 
1 4 651 9686 9693 2580 
1 4 9694 9689 9682 651 
1 3 9385 2026 9417 
1 2 1704 9684 
1 3 2903 5501 2043 
1 3 9578 3546 1385 
1 3 4377 1884 9605 
1 4 5418 4506 9529 3341 
1 5 2478 448 9528 9527 1407 
1 5 9553 9543 439 4720 2253 
1 2 1284 9561 
1 2 4950 9384 
1 3 9457 2053 9443 
1 2 2213 9362 
1 3 103 4975 97 
1 2 1196 153 
1 3 1196 5252 1426 
1 3 3484 3510 1764 
1 3 9112 3367 9048 
1 3 5382 8984 9001 
1 3 69 5110 2777 
1 2 8818 8827 
1 2 4733 9228 
1 3 9185 4589 1080 
1 6 4748 4086 1690 8932 432 3587 
1 4 432 8855 612 2732 
1 3 8573 8562 2442 
1 7 4514 2733 8816 1752 8768 4543 1233 
1 3 9005 3774 8981 
1 10 8981 4674 3697 3692 9032 851 2067 1481 8965 2849 
1 4 4725 4 8747 3640 
1 5 2404 2849 4133 8847 4725 
1 3 4366 541 566 
1 2 573 4565 
1 4 2469 171 1578 4566 
1 2 3176 8169 
1 4 4340 3191 7955 4941 
1 4 4941 4182 7832 1429 
1 6 1345 8311 8276 5111 2709 8245 
1 2 694 8149 
1 5 566 1743 8260 2760 4939 
1 4 4644 7666 767 2502 
1 2 1717 7382 
1 2 3998 7289 
1 2 935 2367 
1 4 4199 6844 473 4759 
1 2 306 995 
1 3 1667 7564 1039 
1 4 3232 7782 617 1667 
1 2 1644 2822 
1 7 3220 5138 2158 3777 832 2446 4150 
1 4 2578 7604 1550 4150 
1 4 295 7496 1497 2578 
1 5 2158 7814 1604 95 295 
1 4 2578 708 2147 1670 
1 8 4602 2969 4564 7026 3078 1092 7251 1670 
1 3 2969 1466 204 
1 3 2085 221 4602 
1 5 4602 4487 6807 927 1417 
1 2 7464 1455 
1 2 7190 7243 
1 2 1907 7190 
1 3 6823 6824 6828 
1 2 6758 749 
1 4 4164 6595 3973 1972 
1 2 1152 6467 
1 3 6486 6469 6445 
1 7 2216 3961 6473 799 4166 5478 6486 
1 5 563 2636 3473 2013 5343 
1 4 5343 4873 6785 224 
1 5 224 6808 2534 5611 3201 
1 2 6861 2534 
1 3 622 490 224 
1 3 224 6716 4164 
1 3 6304 3251 2784 
1 4 3119 5861 5876 2082 
1 6 3537 636 6128 6144 4095 6157 
1 2 4863 829 
1 3 3931 633 6138 
1 8 6262 419 6261 6279 3893 2557 3601 3931 
1 2 4967 2249 
1 2 5774 1576 
1 2 893 6041 
1 2 4407 3848 
1 4 45 4440 1394 5942 
2 7 1931 3056 4751 763 4860 776 8098 
1 5 1112 2362 546 1570 1601 
2 6 8402 8370 4477 1601 1195 8373 
1 3 6996 7044 7082 
1 5 2039 6984 6942 4501 6894 
2 6 8844 8864 4013 8914 8907 8945 
3 9 8844 3824 8866 8851 1274 2997 4362 8780 1659 
2 8 4088 3952 8495 3534 2170 1731 8741 8788 
3 4 5568 1659 8788 3467 
3 8 3467 8793 4587 8795 5495 8868 8900 4396 
1 4 8795 2337 1539 4763 
3 5 8628 3412 8719 8770 1125 
1 4 8628 8614 4315 8554 
1 3 8876 614 1120 
1 4 3225 8537 4828 8456 
1 4 8628 3923 3519 5601 
1 2 4763 4371 
1 2 4088 938 
1 3 8787 2713 522 
1 2 8945 4603 
1 2 8537 8554 
3 4 5924 4783 352 1806 
2 9 8908 1862 147 699 8916 8917 213 3249 1079 
1 7 8518 882 5590 1378 1174 3622 8329 
2 10 4170 8502 2630 3682 8464 2811 8438 8447 1779 2904 
1 4 8271 3427 5603 2904 
3 5 8151 8112 5513 2533 393 
1 4 7016 3633 7092 107 
1 6 6955 3156 1217 4517 1643 3018 
2 5 7240 256 7122 7091 1304 
2 17 7683 7649 7612 2049 2166 7394 7336 2995 1794 7172 2463 6993 7041 7029 7010 6962 999 
2 2 6969 3029 
1 6 4517 717 5610 6705 6664 3566 
1 11 6664 16 4848 6686 6656 2755 1739 6567 1660 2480 2226 
1 20 2226 6462 2304 6459 6447 6414 896 6368 1473 2024 545 1708 6245 993 846 1508 1730 4744 2683 6139 
1 11 3163 5208 3142 2852 6043 1020 6078 477 3391 3733 6139 
1 13 3163 6010 5012 2510 6130 6140 2565 5297 1895 5073 6317 6381 2304 
1 14 6139 4707 6135 4844 6101 17 6077 6049 5225 6038 6047 6023 3857 117 
1 11 3163 5967 3659 5600 968 5926 738 5888 5870 5854 2434 
1 20 1816 5851 5102 5895 3456 4018 5948 859 5977 5991 722 6061 6070 2655 2406 411 1252 5044 6142 3349 
1 10 5044 6099 4879 6082 6057 4220 6062 4353 6025 722 
1 4 722 6032 4274 859 
1 3 859 2808 4018 
1 7 5948 5921 5907 5892 5873 3818 5851 
1 8 3818 5841 5827 2522 610 5829 4597 1816 
1 9 3349 4467 6252 6276 2696 2038 4257 6598 3566 
1 7 3018 4386 6743 2050 3404 3990 387 
1 5 6598 822 6548 387 1718 
1 8 3349 4116 1719 2890 2373 6291 6309 3233 
1 2 3233 6388 
2 10 1718 1282 6455 3971 2670 6428 3979 2720 2237 3120 
3 4 3233 4027 1802 2443 
3 13 6205 6248 4859 1774 6299 1908 6345 3582 6362 6394 3230 6388 1718 
2 5 6205 6182 5609 4186 1398 
2 6 4807 6113 2274 4666 1409 1398 
1 5 1595 6366 3388 6300 3496 
1 2 6299 6320 
2 9 3496 6293 6313 6308 1049 4218 1933 6306 6301 
3 4 6778 6746 6728 1918 
1 17 6778 5153 1911 5172 6814 2315 6859 6884 2496 3863 6978 3095 7097 4418 3027 7223 7246 
2 21 7016 6987 3999 875 6849 2544 5161 1438 5551 6787 6781 6754 6726 5410 6682 6688 6672 6700 6727 3727 6778 
1 11 1718 6506 3255 2246 4490 1865 2176 3572 6713 6750 6754 
1 6 1788 4643 6579 6545 6507 5109 
1 3 1621 2102 1595 
1 9 4030 4367 4956 2275 6681 2963 1599 6556 2226 
1 3 521 7997 2458 
2 7 8064 8034 3612 1543 1321 982 3908 
1 8 2294 3605 5509 8035 5143 638 5520 8151 
1 9 4030 54 1845 6752 1035 5610 2264 2862 4386 
1 10 1438 4012 4892 4363 6799 1110 6865 3976 6809 6817 
3 8 8603 445 5147 8653 1688 330 2396 8799 
1 5 522 3831 8505 3989 8446 
1 6 8398 2673 3888 1077 8627 3831 
1 11 8446 8403 4333 648 8202 1001 5219 8090 3005 8015 1165 
1 5 938 796 8232 8219 2277 
1 10 2277 8103 8085 3621 3713 8084 2168 426 4920 8202 
1 10 8084 8047 152 879 3423 3628 1165 7954 2853 7949 
1 7 8282 8249 1917 8209 4911 4115 1256 
1 2 8090 8099 
1 6 3989 8505 1368 150 8666 1659 
1 3 3225 8349 3016 
1 5 3016 2595 2058 8375 3511 
1 4 3511 3740 8500 5492 
1 4 5924 4783 352 1806 
1 6 3016 8353 1971 2620 8513 5601 
1 6 3016 8296 4341 3167 8126 576 
1 6 8456 3825 8304 230 1017 576 
1 8 8518 2765 8463 8432 746 8380 4141 8304 
1 9 576 5039 3021 7956 3978 2786 4631 7826 7755 
1 3 8178 2339 8296 
1 6 4313 3962 7823 7770 2628 7722 
1 9 7823 7785 2229 7690 7660 723 7568 4679 102 
2 10 102 7501 7466 7430 7388 7425 2923 5571 2714 4568 
1 6 7352 2944 7516 4596 7659 7722 
1 7 7690 7630 7583 4203 1164 7659 7722 
1 3 1795 565 4484 
2 19 1304 4537 7133 2030 7182 7197 3432 5158 7148 7132 7108 4484 5159 7009 6991 1619 3552 6998 4424 
1 6 4568 768 7256 5402 7239 7197 
3 5 1633 7592 5335 2616 3493 
3 7 2192 5578 4857 7543 977 7483 1171 
2 5 1171 7410 7424 4790 2198 
2 4 1633 3748 3644 2198 
1 5 2198 2368 3493 1680 2192 
1 5 2214 2804 132 7451 5091 
1 11 4424 7028 4213 1063 332 7160 5299 1041 3835 431 2214 
1 4 1772 1125 752 614 
1 5 1120 2068 4350 4822 8617 
1 5 8781 2796 842 4292 882 
1 7 4018 5936 760 2393 343 2879 3163 
1 8 2226 6452 2994 1502 488 5585 1726 1252 
1 7 6032 6060 379 449 5473 6162 2565 
1 3 5155 496 4203 
1 5 8304 534 4645 508 8296 
1 11 4116 6191 2546 6172 6176 6168 19 4020 5482 6105 4807 
1 9 4807 6083 5008 6011 4813 4661 337 5883 5860 
1 9 5860 5846 5832 3884 3679 263 4227 5777 4335 
3 6 6113 6134 1207 4529 6258 6299 
1 2 1788 5410 
1 3 140 2430 1788 
2 3 1168 4571 1595 
3 3 6313 6347 1168 
1 4 6320 2475 6378 3120 
1 3 3496 6277 4048 
1 8 842 8759 3445 8799 3758 3252 3501 618 
3 10 5249 3097 8329 8355 5004 145 1057 8392 3951 3111 
1 5 3111 8506 8528 8571 8603 
2 4 1079 2242 5079 3501 
3 19 8603 4171 8681 5531 2378 8640 5293 8659 8619 8604 8610 1522 8575 8564 886 8516 8519 4170 3442 
1 4 657 843 8910 8926 
1 8 8403 2387 1270 8386 8345 8327 3224 8334 
1 7 8398 8357 8334 3836 8306 2025 8282 
1 2 7887 2786 
1 3 1136 943 7722 
1 10 7823 4239 7880 7912 7932 40 1111 8081 8136 8178 
1 5 8375 4083 1462 4538 2277 
1 3 8103 5 3736 
1 2 7543 7528 
1 4 2255 7625 1900 977 
1 6 7264 1369 3472 138 5000 954 
1 3 2409 7264 3459 
1 4 5335 7658 3469 7779 
1 10 5158 7170 2900 7084 7052 7022 4985 6961 2517 1500 
1 10 7306 7325 1487 4205 3055 7393 7436 7469 4586 5155 
1 3 8035 275 8069 
2 5 3908 8238 2857 8189 8151 
1 3 1543 2495 1653 
1 6 4373 4348 7494 4794 7508 953 
1 3 7480 4345 7508 
1 5 7480 7458 7441 7400 5486 
1 2 7632 5365 
1 2 780 619 
1 4 107 279 7173 4354 
2 2 5133 4097 
1 2 7122 7149 
2 4 1304 7002 6921 3029 
1 3 9248 4522 519 
1 2 1741 2709 
1 6 3191 4417 1340 8038 1325 8169 
3 3 829 6549 396 
2 5 3996 3289 6480 6509 6549 
1 3 228 6017 2379 
4 12 2379 5498 6085 6079 6088 5106 6075 6059 3175 6089 1045 6106 
4 11 3069 4797 6333 4696 6367 2316 6408 6419 5256 6479 6502 
1 4 1425 2164 6173 1033 
4 4 6597 6591 2928 6518 
3 5 6616 2296 6583 3421 2055 
2 2 6583 6560 
4 3 1501 6631 6624 
2 6 4790 7386 3459 7305 1994 7242 
2 3 1256 5095 8099 
1 3 2853 916 5095 
1 2 3401 8209 
2 7 8345 3708 2123 8246 502 8135 8090 
1 2 4216 3708 
1 2 8246 860 
1 2 1270 8419 
1 4 4088 193 8284 426 
1 4 8945 1662 1826 1780 
2 4 1274 4617 4502 522 
1 5 4396 4379 8904 8953 1772 
1 4 4371 8591 8567 5601 
1 3 1120 8629 8554 
2 2 8963 141 
1 4 1862 1212 980 8781 
1 2 8583 3900 
1 5 3962 2445 4658 1549 2786 
1 3 8126 8082 8026 
1 3 8571 8559 8534 
2 6 63 1931 1458 2371 394 4253 
2 2 8098 3180 
2 4 418 3687 8145 4802 
2 6 4802 8121 3422 8170 798 277 
2 3 418 4867 8299 
1 3 5205 1390 8045 
1 6 5557 2428 8201 73 5068 7963 
1 7 9721 9722 5199 1587 8539 656 8464 
1 6 8447 8488 1071 1412 735 5199 
1 4 8910 8886 4002 8802 
1 4 1118 5514 8796 4002 
1 6 4170 5393 8649 8697 2426 8796 
2 3 8812 8756 8659 
1 7 2800 4678 9076 455 550 8939 657 
1 5 3478 2298 2299 8186 8189 
1 2 4936 3228 
1 5 4936 3141 3832 2061 8271 
1 4 638 3735 8140 4936 
1 13 2294 2353 3565 7792 7786 3342 7712 3890 1847 7589 7559 7544 4373 
1 3 393 7950 2294 
2 5 7800 2813 2279 2458 8064 
1 5 7902 7936 4777 7987 1653 
3 5 7902 7921 7976 4533 393 
2 4 7800 7737 7689 5365 
2 8 780 4904 3109 7598 4233 7648 4281 7737 
1 2 4794 5162 
2 7 780 855 1243 261 556 4097 4354 
1 2 4517 6817 
1 3 7035 7054 3633 
3 3 5487 4637 6955 
2 5 7172 673 7191 1202 5133 
1 4 256 3309 7155 4537 
2 5 6969 4208 1790 999 4367 
2 3 673 1262 6955 
1 2 1490 2944 
1 7 1041 2343 687 7255 4085 5349 4113 
1 7 1063 7138 3604 2548 4935 4651 7306 
1 2 2548 4927 
1 2 1188 1795 
1 3 102 4273 5581 
1 2 3350 7568 
1 4 7583 7546 1753 102 
1 2 7583 4584 
1 6 1136 4096 1089 3670 7352 1487 
1 3 4651 7265 1795 
1 5 3055 7358 5135 7320 2714 
1 2 4586 5571 
1 2 4213 457 
1 2 3135 6998 
1 6 1619 6944 6932 5289 6945 1500 
1 2 6865 875 
1 3 822 3647 2050 
1 5 2373 1574 6227 6240 2443 
3 8 2443 6233 6219 6200 6179 4318 1736 6134 
1 3 4020 1641 6179 
1 2 6726 6679 
3 2 5161 326 
1 4 2176 6610 4995 2670 
1 5 2720 6497 6561 6569 6610 
1 2 4995 5561 
3 2 1908 6358 
1 3 6428 2073 6345 
1 2 4048 4859 
3 6 6205 6213 2913 2966 3555 3496 
3 3 1621 5109 3120 
1 2 1933 6294 
1 2 1049 1295 
1 4 3555 2040 3305 3581 
1 5 6 5440 6302 6249 2321 
1 9 1918 2774 6714 6683 3502 6642 2209 2149 6592 
3 9 1918 675 2553 6635 6606 140 6535 2235 1621 
1 7 2321 6321 4167 6417 4536 6536 2149 
1 2 3502 1153 
3 3 2553 6546 1168 
1 4 1779 4803 721 2298 
1 3 5380 988 2890 
