1 45 
1 60 
1 103 
1 119 
1 141 
1 152 
1 153 
1 204 
1 224 
1 277 
1 295 
1 306 
1 366 
1 396 
1 426 
1 522 
1 563 
1 575 
1 576 
1 622 
1 651 
1 694 
1 749 
1 758 
1 772 
1 807 
1 813 
1 829 
1 918 
1 931 
1 935 
1 954 
1 1033 
1 1037 
1 1053 
1 1077 
1 1098 
1 1100 
1 1112 
1 1120 
1 1136 
1 1165 
1 1316 
1 1340 
1 1353 
1 1366 
1 1384 
1 1385 
1 1388 
1 1417 
1 1426 
1 1453 
1 1455 
1 1462 
1 1467 
1 1491 
1 1501 
1 1517 
1 1623 
1 1633 
1 1651 
1 1667 
1 1670 
1 1696 
1 1712 
1 1741 
1 1754 
1 1768 
1 1769 
1 1780 
1 1819 
1 1829 
1 1957 
1 1972 
1 1994 
1 2039 
1 2043 
1 2067 
1 2077 
1 2085 
1 2097 
1 2100 
1 2112 
1 2155 
1 2171 
1 2192 
1 2198 
1 2216 
1 2249 
1 2255 
1 2277 
1 2316 
1 2319 
1 2320 
1 2371 
1 2379 
1 2387 
1 2388 
1 2404 
1 2441 
1 2469 
1 2473 
1 2478 
1 2578 
1 2638 
1 2663 
1 2786 
1 2822 
1 2881 
1 2914 
1 2988 
1 3038 
1 3069 
1 3127 
1 3131 
1 3139 
1 3165 
1 3171 
1 3180 
1 3183 
1 3194 
1 3201 
1 3211 
1 3225 
1 3232 
1 3287 
1 3341 
1 3439 
1 3484 
1 3493 
1 3503 
1 3534 
1 3537 
1 3587 
1 3621 
1 3653 
1 3736 
1 3765 
1 3771 
1 3881 
1 3901 
1 4057 
1 4058 
1 4080 
1 4088 
1 4150 
1 4164 
1 4222 
1 4232 
1 4249 
1 4253 
1 4339 
1 4340 
1 4343 
1 4366 
1 4377 
1 4396 
1 4407 
1 4427 
1 4463 
1 4488 
1 4514 
1 4527 
1 4543 
1 4558 
1 4566 
1 4591 
1 4600 
1 4602 
1 4644 
1 4717 
1 4725 
1 4730 
1 4748 
1 4759 
1 4763 
1 4802 
1 4805 
1 4820 
1 4939 
1 4941 
1 4959 
1 5123 
1 5124 
1 5163 
1 5179 
1 5256 
1 5343 
1 5384 
1 5391 
1 5418 
1 5427 
1 5428 
1 5467 
1 5557 
1 5568 
1 5711 
1 5774 
1 5828 
1 5840 
1 5924 
1 5964 
1 5974 
1 6106 
1 6117 
1 6215 
1 6220 
1 6225 
1 6262 
1 6304 
1 6361 
1 6403 
1 6466 
1 6470 
1 6486 
1 6496 
1 6505 
1 6518 
1 6560 
1 6597 
1 6616 
1 6624 
1 6630 
1 6633 
1 6709 
1 6733 
1 6815 
1 6823 
1 6861 
1 6894 
1 6911 
1 6939 
1 6954 
1 6964 
1 6968 
1 6996 
1 7100 
1 7153 
1 7174 
1 7190 
1 7289 
1 7382 
1 7528 
1 7687 
1 7738 
1 7779 
1 7798 
1 7823 
1 7829 
1 7912 
1 7949 
1 7963 
1 7999 
1 8090 
1 8169 
1 8178 
1 8201 
1 8231 
1 8245 
1 8276 
1 8282 
1 8289 
1 8304 
1 8334 
1 8373 
1 8375 
1 8402 
1 8445 
1 8456 
1 8473 
1 8490 
1 8500 
1 8505 
1 8518 
1 8557 
1 8573 
1 8625 
1 8628 
1 8753 
1 8770 
1 8772 
1 8827 
1 8876 
1 8908 
1 8936 
1 8945 
1 8950 
1 9005 
1 9050 
1 9057 
1 9064 
1 9112 
1 9152 
1 9172 
1 9185 
1 9191 
1 9224 
1 9228 
1 9248 
1 9285 
1 9362 
1 9365 
1 9417 
1 9469 
1 9478 
1 9542 
1 9553 
1 9558 
1 9576 
1 9607 
1 9638 
1 9694 
1 9720 
